object Form5: TForm5
  Left = 0
  Top = 0
  Caption = 'Form5'
  ClientHeight = 480
  ClientWidth = 640
  FormFactor.Width = 320
  FormFactor.Height = 480
  FormFactor.Devices = [Desktop]
  DesignerMasterStyle = 0
  object lblAcougue: TLabel
    StyledSettings = [Family, FontColor]
    Position.X = 56.000000000000000000
    Position.Y = 112.000000000000000000
    Size.Width = 129.000000000000000000
    Size.Height = 49.000000000000000000
    Size.PlatformDefault = False
    TextSettings.Font.Size = 40.000000000000000000
    TextSettings.Font.StyleExt = {00070000000000000004000000}
    Text = '0000'
    TabOrder = 0
  end
  object lblPadaria: TLabel
    StyledSettings = [Family, FontColor]
    Position.X = 384.000000000000000000
    Position.Y = 120.000000000000000000
    Size.Width = 121.000000000000000000
    Size.Height = 33.000000000000000000
    Size.PlatformDefault = False
    TextSettings.Font.Size = 40.000000000000000000
    TextSettings.Font.StyleExt = {00070000000000000004000000}
    Text = '0000'
    TabOrder = 1
  end
  object Timer1: TTimer
    Interval = 2000
    Left = 256
    Top = 224
  end
end
